1 0 486 1 4 EXP
1 0 13 2 4 EXP
1 0 746 3 4 EXP
1 0 51 4 4 EXP
1 0 184 5 4 EXP
1 0 875 6 3 EXP
1 0 792 7 3 EXP
1 0 359 8 3 EXP
1 0 435 9 3 EXP
1 0 1340 10 2 EXP
2 0 746 1 5 EXP
2 0 12 2 5 EXP
2 0 792 3 4 EXP
2 0 700 4 3 EXP
2 0 810 5 3 EXP
2 0 141 6 3 EXP
2 0 1380 7 3 EXP
2 0 92 8 3 EXP
2 0 909 9 2 EXP
2 0 51 10 2 EXP
3 0 399 1 5 EXP
3 0 144 2 5 EXP
3 0 485 3 5 EXP
3 0 91 4 4 EXP
3 0 181 5 4 EXP
3 0 90 6 4 EXP
3 0 5 7 4 EXP
3 0 6 8 2 EXP
3 0 542 9 2 EXP
3 0 584 10 2 EXP
4 0 166 1 5 EXP
4 0 488 2 5 EXP
4 0 410 3 5 EXP
4 0 1296 4 5 EXP
4 0 1252 5 5 EXP
4 0 552 6 4 EXP
4 0 1061 7 4 EXP
4 0 236 8 4 EXP
4 0 1241 9 3 EXP
4 0 185 10 3 EXP
5 0 552 1 5 EXP
5 0 142 2 2 EXP
5 0 1032 3 2 EXP
5 0 1379 4 2 EXP
5 0 103 5 2 EXP
5 0 1209 6 1 EXP
5 0 968 7 1 EXP
5 0 1296 8 1 EXP
5 0 1217 9 1 EXP
5 0 824 10 1 EXP
6 0 491 1 4 EXP
6 0 544 2 2 EXP
6 0 1273 3 2 EXP
6 0 386 4 2 EXP
6 0 385 5 2 EXP
6 0 240 6 2 EXP
6 0 997 7 2 EXP
6 0 1308 8 2 EXP
6 0 1374 9 1 EXP
6 0 271 10 1 EXP
7 0 492 1 5 EXP
7 0 57 2 5 EXP
7 0 248 3 5 EXP
7 0 56 4 5 EXP
7 0 48 5 5 EXP
7 0 469 6 5 EXP
7 0 907 7 5 EXP
7 0 354 8 5 EXP
7 0 58 9 5 EXP
7 0 1307 10 5 EXP
8 0 492 1 5 EXP
8 0 711 2 5 EXP
8 0 232 3 4 EXP
8 0 69 4 4 EXP
8 0 688 5 4 EXP
8 0 122 6 4 EXP
8 0 441 7 3 EXP
8 0 248 8 3 EXP
8 0 1082 9 3 EXP
8 0 469 10 3 EXP
9 0 550 1 5 EXP
9 0 21 2 4 EXP
9 0 22 3 4 EXP
9 0 270 4 3 EXP
9 0 45 5 2 EXP
9 0 240 6 2 EXP
9 0 398 7 2 EXP
9 0 168 8 2 EXP
9 0 959 9 2 EXP
9 0 306 10 2 EXP
10 0 302 1 5 EXP
10 0 1143 2 4 EXP
10 0 1214 3 4 EXP
10 0 691 4 3 EXP
10 0 493 5 3 EXP
10 0 1150 6 3 EXP
10 0 949 7 3 EXP
10 0 616 8 2 EXP
10 0 1274 9 2 EXP
10 0 1319 10 2 EXP
11 0 495 1 5 EXP
11 0 1327 2 4 EXP
11 0 654 3 3 EXP
11 0 262 4 3 EXP
11 0 11 5 3 EXP
11 0 160 6 3 EXP
11 0 777 7 3 EXP
11 0 1238 8 2 EXP
11 0 28 9 2 EXP
11 0 738 10 2 EXP
12 0 624 1 5 EXP
12 0 966 2 2 EXP
12 0 1221 3 2 EXP
12 0 590 4 2 EXP
12 0 941 5 2 EXP
12 0 1222 6 2 EXP
12 0 245 7 2 EXP
12 0 1164 8 2 EXP
12 0 34 9 2 EXP
12 0 939 10 2 EXP
13 0 496 1 5 EXP
13 0 313 2 3 EXP
13 0 199 3 1 EXP
13 0 643 4 1 EXP
13 0 1242 5 1 EXP
13 0 903 6 1 EXP
13 0 507 7 1 EXP
13 0 1056 8 1 EXP
13 0 837 9 1 EXP
13 0 1288 10 1 EXP
14 0 64 1 4 EXP
14 0 170 2 3 EXP
14 0 335 3 3 EXP
14 0 1364 4 3 EXP
14 0 345 5 3 EXP
14 0 798 6 3 EXP
14 0 265 7 3 EXP
14 0 291 8 3 EXP
14 0 256 9 3 EXP
14 0 132 10 3 EXP
15 0 553 1 3 EXP
15 0 82 2 3 EXP
15 0 1098 3 3 EXP
15 0 1096 4 2 EXP
15 0 463 5 1 EXP
15 0 1340 6 1 EXP
15 0 405 7 1 EXP
15 0 108 8 1 EXP
15 0 462 9 1 EXP
15 0 949 10 1 EXP
16 0 106 1 5 EXP
16 0 498 2 5 EXP
16 0 231 3 3 EXP
16 0 494 4 2 EXP
16 0 336 5 2 EXP
16 0 248 6 2 EXP
16 0 1112 7 2 EXP
16 0 360 8 2 EXP
16 0 1301 9 2 EXP
16 0 279 10 2 EXP
17 0 700 1 5 EXP
17 0 106 2 5 EXP
17 0 1281 3 5 EXP
17 0 609 4 5 EXP
17 0 1195 5 4 EXP
17 0 8 6 4 EXP
17 0 660 7 4 EXP
17 0 264 8 4 EXP
17 0 1368 9 4 EXP
17 0 498 10 4 EXP
18 0 248 1 5 EXP
18 0 57 2 4 EXP
18 0 56 3 4 EXP
18 0 492 4 4 EXP
18 0 197 5 3 EXP
18 0 124 6 3 EXP
18 0 469 7 3 EXP
18 0 354 8 3 EXP
18 0 58 9 3 EXP
18 0 927 10 3 EXP
19 0 1242 1 3 EXP
19 0 1379 2 3 EXP
19 0 172 3 3 EXP
19 0 1219 4 3 EXP
19 0 1217 5 3 EXP
19 0 274 6 3 EXP
19 0 1391 7 2 EXP
19 0 713 8 2 EXP
19 0 1346 9 2 EXP
19 0 555 10 2 EXP
20 0 500 1 5 EXP
20 0 268 2 5 EXP
20 0 88 3 5 EXP
20 0 270 4 5 EXP
20 0 87 5 4 EXP
20 0 269 6 2 EXP
20 0 450 7 2 EXP
20 0 963 8 2 EXP
20 0 550 9 2 EXP
20 0 267 10 2 EXP
21 0 502 1 4 EXP
21 0 68 2 3 EXP
21 0 883 3 3 EXP
21 0 413 4 3 EXP
21 0 460 5 3 EXP
21 0 1303 6 3 EXP
21 0 16 7 2 EXP
21 0 193 8 2 EXP
21 0 376 9 2 EXP
21 0 204 10 2 EXP
22 0 125 1 4 EXP
22 0 140 2 4 EXP
22 0 1212 3 3 EXP
22 0 165 4 3 EXP
22 0 413 5 3 EXP
22 0 254 6 2 EXP
22 0 786 7 2 EXP
22 0 145 8 2 EXP
22 0 346 9 2 EXP
22 0 560 10 2 EXP
23 0 892 1 4 EXP
23 0 899 2 2 EXP
23 0 141 3 2 EXP
23 0 185 4 2 EXP
23 0 1112 5 2 EXP
23 0 1197 6 1 EXP
23 0 718 7 1 EXP
23 0 1287 8 1 EXP
23 0 1111 9 1 EXP
23 0 184 10 1 EXP
24 0 756 1 5 EXP
24 0 46 2 4 EXP
24 0 833 3 3 EXP
24 0 1361 4 2 EXP
24 0 1041 5 2 EXP
24 0 834 6 1 EXP
24 0 612 7 1 EXP
24 0 1242 8 1 EXP
24 0 1317 9 1 EXP
24 0 724 10 1 EXP
25 0 588 1 4 EXP
25 0 214 2 4 EXP
25 0 277 3 4 EXP
25 0 511 4 3 EXP
25 0 540 5 3 EXP
25 0 212 6 2 EXP
25 0 989 7 2 EXP
25 0 988 8 2 EXP
25 0 231 9 2 EXP
25 0 798 10 2 EXP
26 0 611 1 5 EXP
26 0 306 2 5 EXP
26 0 4 3 4 EXP
26 0 1282 4 4 EXP
26 0 145 5 4 EXP
26 0 148 6 4 EXP
26 0 207 7 4 EXP
26 0 307 8 4 EXP
26 0 1076 9 4 EXP
26 0 1182 10 4 EXP
27 0 1176 1 4 EXP
27 0 888 2 4 EXP
27 0 838 3 3 EXP
27 0 1178 4 3 EXP
27 0 1129 5 3 EXP
27 0 1132 6 3 EXP
27 0 681 7 3 EXP
27 0 1133 8 2 EXP
27 0 833 9 2 EXP
27 0 512 10 2 EXP
28 0 681 1 3 EXP
28 0 1048 2 2 EXP
28 0 521 3 2 EXP
28 0 1235 4 1 EXP
28 0 744 5 1 EXP
28 0 433 6 1 EXP
28 0 1362 7 1 EXP
28 0 674 8 1 EXP
28 0 415 9 1 EXP
28 0 246 10 1 EXP
29 0 420 1 5 EXP
29 0 465 2 5 EXP
29 0 514 3 5 EXP
29 0 612 4 5 EXP
29 0 222 5 5 EXP
29 0 601 6 5 EXP
29 0 901 7 5 EXP
29 0 250 8 5 EXP
29 0 900 9 5 EXP
29 0 797 10 4 EXP
30 0 633 1 2 EXP
30 0 680 2 2 EXP
30 0 601 3 2 EXP
30 0 902 4 2 EXP
30 0 752 5 2 EXP
30 0 683 6 1 EXP
30 0 513 7 1 EXP
30 0 230 8 1 EXP
30 0 147 9 1 EXP
30 0 466 10 1 EXP
31 0 751 1 5 EXP
31 0 698 2 4 EXP
31 0 277 3 3 EXP
31 0 1320 4 3 EXP
31 0 68 5 3 EXP
31 0 916 6 3 EXP
31 0 918 7 3 EXP
31 0 895 8 3 EXP
31 0 749 9 3 EXP
31 0 247 10 3 EXP
32 0 752 1 5 EXP
32 0 1186 2 3 EXP
32 0 467 3 2 EXP
32 0 921 4 2 EXP
32 0 556 5 2 EXP
32 0 738 6 2 EXP
32 0 1044 7 2 EXP
32 0 27 8 2 EXP
32 0 557 9 2 EXP
32 0 1210 10 2 EXP
33 0 516 1 5 EXP
33 0 431 2 5 EXP
33 0 1004 3 5 EXP
33 0 252 4 5 EXP
33 0 1010 5 5 EXP
33 0 1007 6 5 EXP
33 0 1009 7 5 EXP
33 0 1011 8 5 EXP
33 0 1008 9 5 EXP
33 0 1006 10 5 EXP
34 0 672 1 5 EXP
34 0 799 2 3 EXP
34 0 252 3 3 EXP
34 0 516 4 3 EXP
34 0 431 5 3 EXP
34 0 1341 6 2 EXP
34 0 610 7 2 EXP
34 0 1353 8 2 EXP
34 0 198 9 2 EXP
34 0 1074 10 2 EXP
35 0 1327 1 3 EXP
35 0 654 2 3 EXP
35 0 1203 3 2 EXP
35 0 296 4 2 EXP
35 0 724 5 2 EXP
35 0 1156 6 2 EXP
35 0 488 7 2 EXP
35 0 166 8 1 EXP
35 0 171 9 1 EXP
35 0 1314 10 1 EXP
36 0 270 1 4 EXP
36 0 387 2 3 EXP
36 0 303 3 3 EXP
36 0 135 4 3 EXP
36 0 646 5 3 EXP
36 0 623 6 3 EXP
36 0 240 7 3 EXP
36 0 980 8 3 EXP
36 0 959 9 3 EXP
36 0 45 10 3 EXP
37 0 503 1 2 EXP
37 0 186 2 2 EXP
37 0 232 3 2 EXP
37 0 38 4 2 EXP
37 0 126 5 2 EXP
37 0 492 6 2 EXP
37 0 1311 7 2 EXP
37 0 121 8 2 EXP
37 0 461 9 1 EXP
37 0 311 10 1 EXP
38 0 536 1 4 EXP
38 0 976 2 3 EXP
38 0 294 3 2 EXP
38 0 295 4 2 EXP
38 0 154 5 2 EXP
38 0 927 6 1 EXP
38 0 446 7 1 EXP
38 0 25 8 1 EXP
38 0 1205 9 1 EXP
38 0 981 10 1 EXP
39 0 1278 1 2 EXP
39 0 337 2 2 EXP
39 0 40 3 2 EXP
39 0 1220 4 2 EXP
39 0 1205 5 2 EXP
39 0 1211 6 2 EXP
39 0 43 7 2 EXP
39 0 1264 8 2 EXP
39 0 79 9 2 EXP
39 0 207 10 2 EXP
40 0 536 1 4 EXP
40 0 37 2 2 EXP
40 0 976 3 2 EXP
40 0 113 4 2 EXP
40 0 295 5 2 EXP
40 0 1205 6 2 EXP
40 0 1143 7 2 EXP
40 0 1141 8 1 EXP
40 0 294 9 1 EXP
40 0 138 10 1 EXP
41 0 289 1 5 EXP
41 0 288 2 4 EXP
41 0 433 3 4 EXP
41 0 927 4 4 EXP
41 0 1141 5 3 EXP
41 0 229 6 3 EXP
41 0 1196 7 3 EXP
41 0 154 8 2 EXP
41 0 432 9 2 EXP
41 0 1277 10 2 EXP
42 0 521 1 5 EXP
42 0 440 2 5 EXP
42 0 526 3 5 EXP
42 0 439 4 5 EXP
42 0 467 5 5 EXP
42 0 468 6 5 EXP
42 0 797 7 5 EXP
42 0 404 8 5 EXP
42 0 503 9 5 EXP
42 0 121 10 5 EXP
43 0 467 1 5 EXP
43 0 404 2 3 EXP
43 0 122 3 3 EXP
43 0 503 4 3 EXP
43 0 1194 5 3 EXP
43 0 916 6 3 EXP
43 0 440 7 3 EXP
43 0 194 8 2 EXP
43 0 521 9 2 EXP
43 0 454 10 2 EXP
44 0 103 1 2 EXP
44 0 552 2 2 EXP
44 0 820 3 1 EXP
44 0 20 4 1 EXP
44 0 1174 5 1 EXP
44 0 703 6 1 EXP
44 0 849 7 1 EXP
44 0 821 8 1 EXP
44 0 223 9 1 EXP
44 0 99 10 1 EXP
45 0 305 1 5 EXP
45 0 525 2 5 EXP
45 0 540 3 4 EXP
45 0 84 4 3 EXP
45 0 37 5 3 EXP
45 0 623 6 3 EXP
45 0 344 7 2 EXP
45 0 573 8 2 EXP
45 0 123 9 2 EXP
45 0 310 10 2 EXP
46 0 305 1 5 EXP
46 0 525 2 4 EXP
46 0 270 3 4 EXP
46 0 623 4 4 EXP
46 0 37 5 3 EXP
46 0 1185 6 3 EXP
46 0 1213 7 3 EXP
46 0 344 8 3 EXP
46 0 123 9 3 EXP
46 0 240 10 2 EXP
47 0 525 1 5 EXP
47 0 304 2 5 EXP
47 0 305 3 5 EXP
47 0 310 4 5 EXP
47 0 1200 5 4 EXP
47 0 568 6 4 EXP
47 0 308 7 4 EXP
47 0 327 8 3 EXP
47 0 540 9 3 EXP
47 0 9 10 3 EXP
48 0 440 1 5 EXP
48 0 526 2 5 EXP
48 0 797 3 4 EXP
48 0 439 4 4 EXP
48 0 683 5 4 EXP
48 0 521 6 3 EXP
48 0 222 7 3 EXP
48 0 334 8 2 EXP
48 0 211 9 2 EXP
48 0 1228 10 2 EXP
49 0 322 1 5 EXP
49 0 321 2 5 EXP
49 0 476 3 5 EXP
49 0 320 4 5 EXP
49 0 527 5 5 EXP
49 0 349 6 5 EXP
49 0 150 7 5 EXP
49 0 538 8 4 EXP
49 0 648 9 4 EXP
49 0 376 10 4 EXP
50 0 326 1 4 EXP
50 0 528 2 4 EXP
50 0 992 3 4 EXP
50 0 1301 4 4 EXP
50 0 192 5 3 EXP
50 0 494 6 3 EXP
50 0 1112 7 3 EXP
50 0 337 8 3 EXP
50 0 1259 9 3 EXP
50 0 336 10 3 EXP
51 0 326 1 5 EXP
51 0 94 2 5 EXP
51 0 528 3 5 EXP
51 0 494 4 4 EXP
51 0 133 5 4 EXP
51 0 106 6 4 EXP
51 0 192 7 4 EXP
51 0 1301 8 4 EXP
51 0 1112 9 3 EXP
51 0 1259 10 3 EXP
52 0 326 1 4 EXP
52 0 1215 2 3 EXP
52 0 528 3 3 EXP
52 0 306 4 3 EXP
52 0 211 5 3 EXP
52 0 629 6 3 EXP
52 0 1204 7 3 EXP
52 0 133 8 3 EXP
52 0 21 9 3 EXP
52 0 899 10 3 EXP
53 0 208 1 5 EXP
53 0 1253 2 5 EXP
53 0 1236 3 5 EXP
53 0 298 4 5 EXP
53 0 61 5 5 EXP
53 0 267 6 5 EXP
53 0 1221 7 5 EXP
53 0 269 8 4 EXP
53 0 1282 9 4 EXP
53 0 407 10 4 EXP
54 0 123 1 5 EXP
54 0 305 2 5 EXP
54 0 623 3 5 EXP
54 0 84 4 5 EXP
54 0 1213 5 5 EXP
54 0 344 6 5 EXP
54 0 1185 7 5 EXP
54 0 338 8 5 EXP
54 0 240 9 5 EXP
54 0 354 10 5 EXP
55 0 460 1 5 EXP
55 0 376 2 5 EXP
55 0 1383 3 5 EXP
55 0 1282 4 5 EXP
55 0 255 5 5 EXP
55 0 1301 6 4 EXP
55 0 1236 7 4 EXP
55 0 16 8 4 EXP
55 0 348 9 4 EXP
55 0 73 10 4 EXP
56 0 441 1 5 EXP
56 0 753 2 4 EXP
56 0 638 3 4 EXP
56 0 783 4 3 EXP
56 0 871 5 3 EXP
56 0 685 6 3 EXP
56 0 748 7 2 EXP
56 0 503 8 2 EXP
56 0 1339 9 2 EXP
56 0 204 10 2 EXP
57 0 1181 1 4 EXP
57 0 753 2 4 EXP
57 0 380 3 4 EXP
57 0 458 4 3 EXP
57 0 375 5 3 EXP
57 0 810 6 2 EXP
57 0 871 7 2 EXP
57 0 278 8 2 EXP
57 0 495 9 2 EXP
57 0 1369 10 2 EXP
58 0 270 1 5 EXP
58 0 754 2 5 EXP
58 0 785 3 5 EXP
58 0 599 4 5 EXP
58 0 1159 5 5 EXP
58 0 269 6 5 EXP
58 0 784 7 4 EXP
58 0 120 8 4 EXP
58 0 788 9 4 EXP
58 0 539 10 4 EXP
59 0 785 1 4 EXP
59 0 261 2 4 EXP
59 0 105 3 3 EXP
59 0 382 4 3 EXP
59 0 784 5 3 EXP
59 0 789 6 3 EXP
59 0 1055 7 2 EXP
59 0 381 8 2 EXP
59 0 912 9 2 EXP
59 0 1084 10 2 EXP
60 0 322 1 5 EXP
60 0 321 2 5 EXP
60 0 320 3 5 EXP
60 0 527 4 5 EXP
60 0 476 5 5 EXP
60 0 833 6 4 EXP
60 0 11 7 4 EXP
60 0 1311 8 4 EXP
60 0 1224 9 3 EXP
60 0 1073 10 3 EXP
61 0 539 1 5 EXP
61 0 566 2 5 EXP
61 0 564 3 5 EXP
61 0 1258 4 3 EXP
61 0 907 5 3 EXP
61 0 283 6 3 EXP
61 0 1213 7 3 EXP
61 0 499 8 3 EXP
61 0 435 9 3 EXP
61 0 1159 10 2 EXP
62 0 483 1 5 EXP
62 0 533 2 5 EXP
62 0 1384 3 5 EXP
62 0 1081 4 4 EXP
62 0 1258 5 4 EXP
62 0 1262 6 4 EXP
62 0 381 7 4 EXP
62 0 105 8 4 EXP
62 0 116 9 4 EXP
62 0 36 10 4 EXP
63 0 738 1 2 EXP
63 0 204 2 2 EXP
63 0 1045 3 1 EXP
63 0 745 4 1 EXP
63 0 1381 5 1 EXP
63 0 678 6 1 EXP
63 0 1046 7 1 EXP
63 0 971 8 1 EXP
63 0 1047 9 1 EXP
63 0 415 10 1 EXP
64 0 482 1 4 EXP
64 0 390 2 4 EXP
64 0 718 3 3 EXP
64 0 239 4 3 EXP
64 0 52 5 3 EXP
64 0 1201 6 3 EXP
64 0 441 7 2 EXP
64 0 736 8 2 EXP
64 0 415 9 2 EXP
64 0 1342 10 2 EXP
65 0 388 1 5 EXP
65 0 3 2 5 EXP
65 0 180 3 5 EXP
65 0 664 4 5 EXP
65 0 393 5 4 EXP
65 0 1370 6 4 EXP
65 0 4 7 4 EXP
65 0 1311 8 3 EXP
65 0 2 9 3 EXP
65 0 1225 10 3 EXP
66 0 128 1 4 EXP
66 0 576 2 3 EXP
66 0 590 3 3 EXP
66 0 389 4 3 EXP
66 0 1251 5 2 EXP
66 0 664 6 2 EXP
66 0 4 7 2 EXP
66 0 310 8 2 EXP
66 0 659 9 2 EXP
66 0 453 10 2 EXP
67 0 180 1 5 EXP
67 0 3 2 5 EXP
67 0 664 3 4 EXP
67 0 393 4 4 EXP
67 0 4 5 4 EXP
67 0 388 6 4 EXP
67 0 2 7 3 EXP
67 0 306 8 3 EXP
67 0 1282 9 3 EXP
67 0 1370 10 3 EXP
68 0 628 1 5 EXP
68 0 344 2 3 EXP
68 0 343 3 3 EXP
68 0 565 4 2 EXP
68 0 662 5 2 EXP
68 0 1240 6 2 EXP
68 0 560 7 2 EXP
68 0 370 8 2 EXP
68 0 339 9 2 EXP
68 0 661 10 2 EXP
69 0 459 1 4 EXP
69 0 155 2 3 EXP
69 0 977 3 3 EXP
69 0 111 4 3 EXP
69 0 570 5 3 EXP
69 0 307 6 3 EXP
69 0 59 7 3 EXP
69 0 1138 8 3 EXP
69 0 255 9 3 EXP
69 0 1193 10 3 EXP
70 0 349 1 4 EXP
70 0 104 2 4 EXP
70 0 155 3 3 EXP
70 0 459 4 3 EXP
70 0 977 5 3 EXP
70 0 300 6 3 EXP
70 0 565 7 3 EXP
70 0 62 8 3 EXP
70 0 570 9 3 EXP
70 0 1149 10 3 EXP
71 0 540 1 3 EXP
71 0 305 2 3 EXP
71 0 573 3 2 EXP
71 0 1299 4 2 EXP
71 0 63 5 2 EXP
71 0 323 6 2 EXP
71 0 310 7 2 EXP
71 0 409 8 2 EXP
71 0 1364 9 2 EXP
71 0 1200 10 2 EXP
72 0 1080 1 5 EXP
72 0 244 2 5 EXP
72 0 630 3 4 EXP
72 0 413 4 4 EXP
72 0 1191 5 4 EXP
72 0 1082 6 4 EXP
72 0 666 7 4 EXP
72 0 361 8 4 EXP
72 0 564 9 4 EXP
72 0 667 10 4 EXP
73 0 541 1 5 EXP
73 0 332 2 5 EXP
73 0 1296 3 5 EXP
73 0 160 4 4 EXP
73 0 573 5 4 EXP
73 0 410 6 4 EXP
73 0 577 7 4 EXP
73 0 488 8 4 EXP
73 0 401 9 3 EXP
73 0 552 10 3 EXP
74 0 1153 1 5 EXP
74 0 876 2 4 EXP
74 0 576 3 4 EXP
74 0 1353 4 3 EXP
74 0 575 5 3 EXP
74 0 1143 6 3 EXP
74 0 68 7 3 EXP
74 0 431 8 3 EXP
74 0 574 9 3 EXP
74 0 656 10 3 EXP
75 0 303 1 5 EXP
75 0 324 2 5 EXP
75 0 437 3 4 EXP
75 0 1161 4 4 EXP
75 0 24 5 4 EXP
75 0 1393 6 4 EXP
75 0 559 7 4 EXP
75 0 1395 8 4 EXP
75 0 323 9 4 EXP
75 0 524 10 4 EXP
76 0 667 1 5 EXP
76 0 666 2 4 EXP
76 0 1082 3 4 EXP
76 0 670 4 4 EXP
76 0 1191 5 3 EXP
76 0 668 6 3 EXP
76 0 1143 7 3 EXP
76 0 1080 8 3 EXP
76 0 1395 9 3 EXP
76 0 803 10 3 EXP
77 0 667 1 5 EXP
77 0 668 2 3 EXP
77 0 1191 3 3 EXP
77 0 1384 4 3 EXP
77 0 1264 5 3 EXP
77 0 1395 6 3 EXP
77 0 170 7 3 EXP
77 0 666 8 3 EXP
77 0 670 9 3 EXP
77 0 1080 10 3 EXP
78 0 589 1 5 EXP
78 0 543 2 4 EXP
78 0 590 3 4 EXP
78 0 591 4 4 EXP
78 0 592 5 4 EXP
78 0 216 6 3 EXP
78 0 138 7 3 EXP
78 0 426 8 2 EXP
78 0 588 9 2 EXP
78 0 237 10 2 EXP
79 0 1066 1 4 EXP
79 0 593 2 3 EXP
79 0 546 3 3 EXP
79 0 205 4 2 EXP
79 0 755 5 2 EXP
79 0 199 6 2 EXP
79 0 1378 7 2 EXP
79 0 240 8 2 EXP
79 0 567 9 2 EXP
79 0 1104 10 2 EXP
80 0 917 1 3 EXP
80 0 1335 2 2 EXP
80 0 1318 3 2 EXP
80 0 441 4 2 EXP
80 0 546 5 2 EXP
80 0 594 6 2 EXP
80 0 790 7 2 EXP
80 0 1066 8 2 EXP
80 0 199 9 2 EXP
80 0 947 10 1 EXP
81 0 631 1 5 EXP
81 0 799 2 5 EXP
81 0 714 3 5 EXP
81 0 672 4 5 EXP
81 0 1353 5 4 EXP
81 0 755 6 4 EXP
81 0 608 7 4 EXP
81 0 1354 8 4 EXP
81 0 594 9 4 EXP
81 0 876 10 3 EXP
82 0 1334 1 5 EXP
82 0 677 2 5 EXP
82 0 247 3 5 EXP
82 0 676 4 5 EXP
82 0 1332 5 4 EXP
82 0 632 6 4 EXP
82 0 924 7 4 EXP
82 0 1339 8 4 EXP
82 0 783 9 3 EXP
82 0 678 10 3 EXP
83 0 680 1 2 EXP
83 0 224 2 2 EXP
83 0 898 3 2 EXP
83 0 428 4 2 EXP
83 0 1230 5 2 EXP
83 0 1060 6 2 EXP
83 0 753 7 2 EXP
83 0 936 8 1 EXP
83 0 871 9 1 EXP
83 0 512 10 1 EXP
84 0 294 1 5 EXP
84 0 522 2 4 EXP
84 0 240 3 3 EXP
84 0 398 4 3 EXP
84 0 19 5 3 EXP
84 0 1281 6 3 EXP
84 0 270 7 3 EXP
84 0 1185 8 3 EXP
84 0 283 9 3 EXP
84 0 101 10 3 EXP
85 0 418 1 4 EXP
85 0 294 2 3 EXP
85 0 96 3 3 EXP
85 0 311 4 3 EXP
85 0 1155 5 3 EXP
85 0 109 6 3 EXP
85 0 315 7 3 EXP
85 0 522 8 2 EXP
85 0 608 9 2 EXP
85 0 280 10 2 EXP
86 0 755 1 5 EXP
86 0 594 2 5 EXP
86 0 790 3 5 EXP
86 0 598 4 4 EXP
86 0 431 5 4 EXP
86 0 1155 6 4 EXP
86 0 878 7 4 EXP
86 0 280 8 4 EXP
86 0 516 9 3 EXP
86 0 608 10 3 EXP
87 0 26 1 5 EXP
87 0 572 2 5 EXP
87 0 1228 3 5 EXP
87 0 334 4 4 EXP
87 0 610 5 4 EXP
87 0 797 6 4 EXP
87 0 569 7 4 EXP
87 0 526 8 4 EXP
87 0 134 9 4 EXP
87 0 655 10 4 EXP
88 0 548 1 5 EXP
88 0 614 2 5 EXP
88 0 613 3 5 EXP
88 0 622 4 5 EXP
88 0 616 5 5 EXP
88 0 615 6 5 EXP
88 0 617 7 5 EXP
88 0 619 8 4 EXP
88 0 618 9 4 EXP
88 0 621 10 4 EXP
89 0 793 1 5 EXP
89 0 797 2 5 EXP
89 0 464 3 4 EXP
89 0 1338 4 4 EXP
89 0 222 5 4 EXP
89 0 679 6 4 EXP
89 0 632 7 4 EXP
89 0 916 8 4 EXP
89 0 1341 9 4 EXP
89 0 1290 10 4 EXP
90 0 1187 1 5 EXP
90 0 416 2 4 EXP
90 0 358 3 3 EXP
90 0 265 4 3 EXP
90 0 504 5 3 EXP
90 0 240 6 3 EXP
90 0 293 7 2 EXP
90 0 1216 8 2 EXP
90 0 1228 9 2 EXP
90 0 1278 10 2 EXP
91 0 800 1 3 EXP
91 0 799 2 3 EXP
91 0 252 3 3 EXP
91 0 672 4 2 EXP
91 0 610 5 2 EXP
91 0 315 6 2 EXP
91 0 879 7 2 EXP
91 0 520 8 2 EXP
91 0 197 9 1 EXP
91 0 797 10 1 EXP
92 0 758 1 5 EXP
92 0 811 2 5 EXP
92 0 683 3 5 EXP
92 0 804 4 4 EXP
92 0 1373 5 4 EXP
92 0 1219 6 4 EXP
92 0 809 7 3 EXP
92 0 834 8 3 EXP
92 0 1247 9 2 EXP
92 0 806 10 2 EXP
93 0 635 1 5 EXP
93 0 691 2 5 EXP
93 0 1336 3 5 EXP
93 0 1150 4 4 EXP
93 0 68 5 4 EXP
93 0 552 6 3 EXP
93 0 355 7 3 EXP
93 0 1230 8 3 EXP
93 0 232 9 3 EXP
93 0 1159 10 3 EXP
94 0 559 1 5 EXP
94 0 1393 2 5 EXP
94 0 1161 3 4 EXP
94 0 35 4 4 EXP
94 0 24 5 4 EXP
94 0 524 6 4 EXP
94 0 1394 7 4 EXP
94 0 283 8 4 EXP
94 0 1099 9 4 EXP
94 0 438 10 4 EXP
95 0 370 1 4 EXP
95 0 635 2 4 EXP
95 0 662 3 3 EXP
95 0 1191 4 3 EXP
95 0 240 5 3 EXP
95 0 1258 6 3 EXP
95 0 283 7 3 EXP
95 0 689 8 2 EXP
95 0 270 9 2 EXP
95 0 1384 10 2 EXP
96 0 698 1 5 EXP
96 0 637 2 5 EXP
96 0 705 3 4 EXP
96 0 677 4 4 EXP
96 0 699 5 4 EXP
96 0 1334 6 4 EXP
96 0 247 7 3 EXP
96 0 1332 8 3 EXP
96 0 902 9 3 EXP
96 0 632 10 3 EXP
97 0 1331 1 4 EXP
97 0 882 2 3 EXP
97 0 783 3 2 EXP
97 0 790 4 2 EXP
97 0 1270 5 2 EXP
97 0 779 6 2 EXP
97 0 440 7 2 EXP
97 0 1327 8 1 EXP
97 0 1289 9 1 EXP
97 0 262 10 1 EXP
98 0 673 1 5 EXP
98 0 638 2 5 EXP
98 0 222 3 3 EXP
98 0 1095 4 3 EXP
98 0 792 5 3 EXP
98 0 631 6 3 EXP
98 0 288 7 3 EXP
98 0 712 8 3 EXP
98 0 189 9 2 EXP
98 0 7 10 2 EXP
99 0 639 1 5 EXP
99 0 719 2 5 EXP
99 0 716 3 5 EXP
99 0 715 4 4 EXP
99 0 983 5 4 EXP
99 0 499 6 4 EXP
99 0 717 7 4 EXP
99 0 944 8 3 EXP
99 0 618 9 3 EXP
99 0 1166 10 3 EXP
100 0 760 1 5 EXP
100 0 1122 2 5 EXP
100 0 822 3 5 EXP
100 0 739 4 5 EXP
100 0 740 5 5 EXP
100 0 741 6 5 EXP
100 0 1171 7 5 EXP
100 0 1126 8 5 EXP
100 0 1172 9 4 EXP
100 0 885 10 4 EXP
101 0 818 1 5 EXP
101 0 825 2 5 EXP
101 0 1119 3 5 EXP
101 0 820 4 5 EXP
101 0 817 5 5 EXP
101 0 819 6 4 EXP
101 0 1067 7 4 EXP
101 0 1120 8 3 EXP
101 0 835 9 3 EXP
101 0 823 10 3 EXP
102 0 910 1 3 EXP
102 0 913 2 2 EXP
102 0 1339 3 2 EXP
102 0 729 4 1 EXP
102 0 728 5 1 EXP
102 0 1001 6 1 EXP
102 0 1242 7 1 EXP
102 0 313 8 1 EXP
102 0 1290 9 1 EXP
102 0 1041 10 1 EXP
103 0 761 1 4 EXP
103 0 1127 2 3 EXP
103 0 1050 3 2 EXP
103 0 1048 4 1 EXP
103 0 440 5 1 EXP
103 0 1049 6 1 EXP
103 0 826 7 1 EXP
103 0 720 8 1 EXP
103 0 1128 9 1 EXP
103 0 770 10 1 EXP
104 0 762 1 4 EXP
104 0 863 2 3 EXP
104 0 910 3 3 EXP
104 0 644 4 3 EXP
104 0 1333 5 3 EXP
104 0 241 6 3 EXP
104 0 744 7 2 EXP
104 0 1316 8 2 EXP
104 0 824 9 2 EXP
104 0 818 10 2 EXP
105 0 764 1 5 EXP
105 0 848 2 5 EXP
105 0 846 3 5 EXP
105 0 763 4 4 EXP
105 0 847 5 4 EXP
105 0 953 6 3 EXP
105 0 844 7 3 EXP
105 0 1071 8 2 EXP
105 0 1037 9 2 EXP
105 0 739 10 2 EXP
106 0 847 1 3 EXP
106 0 764 2 2 EXP
106 0 1036 3 2 EXP
106 0 846 4 2 EXP
106 0 878 5 2 EXP
106 0 1042 6 2 EXP
106 0 344 7 2 EXP
106 0 1038 8 2 EXP
106 0 1043 9 2 EXP
106 0 953 10 2 EXP
107 0 725 1 5 EXP
107 0 640 2 5 EXP
107 0 909 3 5 EXP
107 0 911 4 5 EXP
107 0 497 5 4 EXP
107 0 720 6 4 EXP
107 0 883 7 3 EXP
107 0 834 8 3 EXP
107 0 1165 9 3 EXP
107 0 209 10 2 EXP
108 0 75 1 5 EXP
108 0 883 2 5 EXP
108 0 726 3 5 EXP
108 0 724 4 4 EXP
108 0 884 5 3 EXP
108 0 720 6 3 EXP
108 0 866 7 3 EXP
108 0 640 8 3 EXP
108 0 727 9 3 EXP
108 0 768 10 3 EXP
109 0 51 1 3 EXP
109 0 658 2 2 EXP
109 0 859 3 2 EXP
109 0 982 4 1 EXP
109 0 142 5 1 EXP
109 0 5 6 1 EXP
109 0 1361 7 1 EXP
109 0 627 8 1 EXP
109 0 711 9 1 EXP
109 0 864 10 1 EXP
110 0 862 1 4 EXP
110 0 863 2 4 EXP
110 0 744 3 4 EXP
110 0 1173 4 3 EXP
110 0 915 5 3 EXP
110 0 412 6 3 EXP
110 0 424 7 3 EXP
110 0 1060 8 3 EXP
110 0 1387 9 3 EXP
110 0 642 10 3 EXP
111 0 894 1 5 EXP
111 0 658 2 4 EXP
111 0 627 3 3 EXP
111 0 864 4 3 EXP
111 0 390 5 3 EXP
111 0 856 6 3 EXP
111 0 15 7 3 EXP
111 0 857 8 3 EXP
111 0 914 9 3 EXP
111 0 285 10 3 EXP
112 0 641 1 5 EXP
112 0 730 2 5 EXP
112 0 648 3 5 EXP
112 0 731 4 5 EXP
112 0 854 5 5 EXP
112 0 422 6 5 EXP
112 0 734 7 4 EXP
112 0 425 8 4 EXP
112 0 735 9 4 EXP
112 0 855 10 4 EXP
113 0 205 1 3 EXP
113 0 748 2 3 EXP
113 0 1328 3 3 EXP
113 0 685 4 3 EXP
113 0 1272 5 2 EXP
113 0 701 6 2 EXP
113 0 1104 7 2 EXP
113 0 1349 8 2 EXP
113 0 567 9 2 EXP
113 0 272 10 2 EXP
114 0 895 1 5 EXP
114 0 780 2 5 EXP
114 0 783 3 5 EXP
114 0 609 4 5 EXP
114 0 919 5 5 EXP
114 0 1290 6 5 EXP
114 0 918 7 4 EXP
114 0 704 8 4 EXP
114 0 965 9 4 EXP
114 0 990 10 4 EXP
115 0 875 1 4 EXP
115 0 746 2 3 EXP
115 0 252 3 3 EXP
115 0 540 4 2 EXP
115 0 45 5 2 EXP
115 0 184 6 2 EXP
115 0 811 7 2 EXP
115 0 37 8 2 EXP
115 0 13 9 2 EXP
115 0 1083 10 2 EXP
116 0 605 1 4 EXP
116 0 522 2 3 EXP
116 0 1292 3 3 EXP
116 0 1378 4 3 EXP
116 0 1351 5 3 EXP
116 0 801 6 2 EXP
116 0 225 7 2 EXP
116 0 759 8 2 EXP
116 0 1206 9 2 EXP
116 0 932 10 2 EXP
117 0 229 1 4 EXP
117 0 927 2 3 EXP
117 0 1328 3 3 EXP
117 0 230 4 3 EXP
117 0 60 5 3 EXP
117 0 434 6 2 EXP
117 0 1032 7 2 EXP
117 0 1115 8 2 EXP
117 0 924 9 2 EXP
117 0 999 10 2 EXP
118 0 520 1 5 EXP
118 0 923 2 5 EXP
118 0 246 3 5 EXP
118 0 1239 4 5 EXP
118 0 1075 5 5 EXP
118 0 924 6 5 EXP
118 0 230 7 4 EXP
118 0 229 8 4 EXP
118 0 360 9 4 EXP
118 0 600 10 4 EXP
119 0 1056 1 5 EXP
119 0 1361 2 5 EXP
119 0 1055 3 5 EXP
119 0 926 4 4 EXP
119 0 1363 5 4 EXP
119 0 744 6 4 EXP
119 0 930 7 4 EXP
119 0 830 8 4 EXP
119 0 1054 9 4 EXP
119 0 1145 10 4 EXP
120 0 769 1 5 EXP
120 0 887 2 5 EXP
120 0 890 3 5 EXP
120 0 886 4 5 EXP
120 0 891 5 5 EXP
120 0 897 6 5 EXP
120 0 763 7 5 EXP
120 0 739 8 5 EXP
120 0 1146 9 5 EXP
120 0 741 10 5 EXP
121 0 887 1 5 EXP
121 0 769 2 5 EXP
121 0 1146 3 5 EXP
121 0 1056 4 4 EXP
121 0 891 5 4 EXP
121 0 890 6 4 EXP
121 0 31 7 4 EXP
121 0 886 8 3 EXP
121 0 1126 9 3 EXP
121 0 1173 10 3 EXP
122 0 931 1 4 EXP
122 0 898 2 4 EXP
122 0 1070 3 3 EXP
122 0 1100 4 2 EXP
122 0 934 5 2 EXP
122 0 957 6 2 EXP
122 0 930 7 2 EXP
122 0 937 8 2 EXP
122 0 1118 9 2 EXP
122 0 1172 10 2 EXP
123 0 941 1 5 EXP
123 0 1222 2 2 EXP
123 0 966 3 2 EXP
123 0 34 4 2 EXP
123 0 389 5 2 EXP
123 0 1221 6 2 EXP
123 0 967 7 1 EXP
123 0 910 8 1 EXP
123 0 624 9 1 EXP
123 0 1076 10 1 EXP
124 0 941 1 5 EXP
124 0 171 2 4 EXP
124 0 931 3 4 EXP
124 0 898 4 4 EXP
124 0 417 5 4 EXP
124 0 1001 6 4 EXP
124 0 934 7 4 EXP
124 0 109 8 3 EXP
124 0 1395 9 3 EXP
124 0 1222 10 3 EXP
125 0 993 1 3 EXP
125 0 1074 2 3 EXP
125 0 997 3 2 EXP
125 0 1075 4 2 EXP
125 0 1093 5 2 EXP
125 0 772 6 2 EXP
125 0 176 7 2 EXP
125 0 1062 8 2 EXP
125 0 519 9 1 EXP
125 0 923 10 1 EXP
126 0 974 1 5 EXP
126 0 1288 2 5 EXP
126 0 1326 3 5 EXP
126 0 397 4 2 EXP
126 0 451 5 2 EXP
126 0 416 6 2 EXP
126 0 1265 7 1 EXP
126 0 368 8 1 EXP
126 0 773 9 1 EXP
126 0 1083 10 1 EXP
127 0 981 1 5 EXP
127 0 5 2 5 EXP
127 0 1063 3 3 EXP
127 0 1073 4 3 EXP
127 0 6 5 2 EXP
127 0 29 6 2 EXP
127 0 586 7 2 EXP
127 0 459 8 2 EXP
127 0 651 9 2 EXP
127 0 570 10 2 EXP
128 0 945 1 5 EXP
128 0 92 2 5 EXP
128 0 1063 3 5 EXP
128 0 1246 4 4 EXP
128 0 1388 5 3 EXP
128 0 745 6 2 EXP
128 0 111 7 2 EXP
128 0 1219 8 2 EXP
128 0 1124 9 2 EXP
128 0 988 10 2 EXP
129 0 989 1 5 EXP
129 0 988 2 5 EXP
129 0 945 3 4 EXP
129 0 660 4 4 EXP
129 0 476 5 4 EXP
129 0 527 6 3 EXP
129 0 376 7 3 EXP
129 0 4 8 3 EXP
129 0 255 9 3 EXP
129 0 987 10 3 EXP
130 0 948 1 5 EXP
130 0 859 2 5 EXP
130 0 658 3 4 EXP
130 0 727 4 4 EXP
130 0 709 5 3 EXP
130 0 729 6 3 EXP
130 0 627 7 3 EXP
130 0 634 8 3 EXP
130 0 864 9 3 EXP
130 0 982 10 3 EXP
131 0 950 1 5 EXP
131 0 1021 2 5 EXP
131 0 1025 3 5 EXP
131 0 1023 4 4 EXP
131 0 1022 5 4 EXP
131 0 1019 6 4 EXP
131 0 1317 7 4 EXP
131 0 1034 8 4 EXP
131 0 1017 9 4 EXP
131 0 1018 10 4 EXP
132 0 950 1 3 EXP
132 0 1017 2 3 EXP
132 0 1021 3 3 EXP
132 0 1025 4 2 EXP
132 0 1026 5 2 EXP
132 0 1023 6 2 EXP
132 0 1020 7 2 EXP
132 0 1018 8 2 EXP
132 0 1029 9 2 EXP
132 0 1028 10 2 EXP
133 0 950 1 3 EXP
133 0 1026 2 2 EXP
133 0 1017 3 2 EXP
133 0 1028 4 2 EXP
133 0 1023 5 2 EXP
133 0 1020 6 2 EXP
133 0 1018 7 2 EXP
133 0 1025 8 2 EXP
133 0 1019 9 2 EXP
133 0 1029 10 2 EXP
134 0 951 1 4 EXP
134 0 195 2 4 EXP
134 0 1012 3 4 EXP
134 0 1028 4 3 EXP
134 0 883 5 3 EXP
134 0 1017 6 3 EXP
134 0 1035 7 3 EXP
134 0 1020 8 3 EXP
134 0 1015 9 3 EXP
134 0 1023 10 2 EXP
135 0 1017 1 5 EXP
135 0 1026 2 4 EXP
135 0 1020 3 4 EXP
135 0 1023 4 4 EXP
135 0 1019 5 4 EXP
135 0 1029 6 4 EXP
135 0 1018 7 4 EXP
135 0 1024 8 4 EXP
135 0 1025 9 4 EXP
135 0 1021 10 4 EXP
136 0 831 1 3 EXP
136 0 1033 2 3 EXP
136 0 1021 3 3 EXP
136 0 409 4 3 EXP
136 0 1031 5 3 EXP
136 0 951 6 2 EXP
136 0 1020 7 2 EXP
136 0 1017 8 2 EXP
136 0 1034 9 2 EXP
136 0 1026 10 2 EXP
137 0 952 1 5 EXP
137 0 1032 2 5 EXP
137 0 1034 3 5 EXP
137 0 1023 4 5 EXP
137 0 1026 5 5 EXP
137 0 847 6 5 EXP
137 0 1172 7 5 EXP
137 0 1123 8 5 EXP
137 0 1024 9 4 EXP
137 0 1125 10 4 EXP
138 0 953 1 5 EXP
138 0 847 2 5 EXP
138 0 764 3 4 EXP
138 0 846 4 4 EXP
138 0 848 5 4 EXP
138 0 841 6 4 EXP
138 0 763 7 4 EXP
138 0 760 8 4 EXP
138 0 844 9 4 EXP
138 0 852 10 4 EXP
139 0 953 1 5 EXP
139 0 847 2 5 EXP
139 0 846 3 5 EXP
139 0 763 4 5 EXP
139 0 764 5 4 EXP
139 0 848 6 4 EXP
139 0 844 7 4 EXP
139 0 760 8 4 EXP
139 0 887 9 4 EXP
139 0 1129 10 4 EXP
140 0 954 1 5 EXP
140 0 1041 2 3 EXP
140 0 837 3 2 EXP
140 0 497 4 2 EXP
140 0 30 5 1 EXP
140 0 195 6 1 EXP
140 0 146 7 1 EXP
140 0 922 8 1 EXP
140 0 1175 9 1 EXP
140 0 834 10 1 EXP
141 0 1135 1 3 EXP
141 0 836 2 3 EXP
141 0 424 3 2 EXP
141 0 1041 4 2 EXP
141 0 1175 5 2 EXP
141 0 852 6 2 EXP
141 0 817 7 2 EXP
141 0 828 8 2 EXP
141 0 421 9 2 EXP
141 0 851 10 2 EXP
142 0 1175 1 5 EXP
142 0 954 2 3 EXP
142 0 1136 3 3 EXP
142 0 887 4 2 EXP
142 0 852 5 2 EXP
142 0 953 6 2 EXP
142 0 1125 7 2 EXP
142 0 885 8 2 EXP
142 0 1068 9 2 EXP
142 0 765 10 1 EXP
143 0 954 1 3 EXP
143 0 1129 2 2 EXP
143 0 930 3 2 EXP
143 0 852 4 2 EXP
143 0 1041 5 2 EXP
143 0 953 6 2 EXP
143 0 828 7 2 EXP
143 0 1135 8 2 EXP
143 0 1132 9 2 EXP
143 0 1138 10 2 EXP
144 0 839 1 5 EXP
144 0 763 2 5 EXP
144 0 1051 3 5 EXP
144 0 1045 4 5 EXP
144 0 955 5 5 EXP
144 0 1046 6 5 EXP
144 0 1047 7 5 EXP
144 0 1340 8 5 EXP
144 0 854 9 5 EXP
144 0 1178 10 5 EXP
145 0 1045 1 4 EXP
145 0 1048 2 4 EXP
145 0 1046 3 4 EXP
145 0 454 4 3 EXP
145 0 928 5 3 EXP
145 0 839 6 3 EXP
145 0 763 7 3 EXP
145 0 1047 8 3 EXP
145 0 1051 9 3 EXP
145 0 838 10 2 EXP
146 0 955 1 5 EXP
146 0 840 2 5 EXP
146 0 1045 3 5 EXP
146 0 641 4 4 EXP
146 0 1046 5 3 EXP
146 0 1047 6 3 EXP
146 0 928 7 3 EXP
146 0 763 8 2 EXP
146 0 839 9 2 EXP
146 0 730 10 2 EXP
147 0 956 1 5 EXP
147 0 1050 2 5 EXP
147 0 1049 3 5 EXP
147 0 1145 4 4 EXP
147 0 1128 5 4 EXP
147 0 1358 6 3 EXP
147 0 1069 7 3 EXP
147 0 1392 8 3 EXP
147 0 1172 9 3 EXP
147 0 1171 10 3 EXP
148 0 1048 1 5 EXP
148 0 1050 2 4 EXP
148 0 826 3 3 EXP
148 0 1127 4 3 EXP
148 0 761 5 3 EXP
148 0 928 6 3 EXP
148 0 1126 7 2 EXP
148 0 1069 8 2 EXP
148 0 1146 9 2 EXP
148 0 822 10 2 EXP
149 0 930 1 5 EXP
149 0 1363 2 3 EXP
149 0 1070 3 3 EXP
149 0 1361 4 3 EXP
149 0 931 5 3 EXP
149 0 926 6 2 EXP
149 0 830 7 2 EXP
149 0 957 8 2 EXP
149 0 1056 9 2 EXP
149 0 1068 10 2 EXP
150 0 1062 1 5 EXP
150 0 1074 2 5 EXP
150 0 1075 3 5 EXP
150 0 1108 4 4 EXP
150 0 1259 5 4 EXP
150 0 1202 6 4 EXP
150 0 231 7 4 EXP
150 0 923 8 3 EXP
150 0 259 9 3 EXP
150 0 234 10 3 EXP
151 0 677 1 3 EXP
151 0 225 2 3 EXP
151 0 924 3 2 EXP
151 0 1342 4 2 EXP
151 0 783 5 2 EXP
151 0 676 6 2 EXP
151 0 1261 7 2 EXP
151 0 917 8 2 EXP
151 0 1386 9 2 EXP
151 0 247 10 1 EXP
152 0 671 1 3 EXP
152 0 336 2 2 EXP
152 0 1225 3 2 EXP
152 0 1261 4 2 EXP
152 0 1365 5 2 EXP
152 0 547 6 2 EXP
152 0 1386 7 2 EXP
152 0 899 8 2 EXP
152 0 54 9 2 EXP
152 0 458 10 2 EXP
153 0 1063 1 5 EXP
153 0 1085 2 5 EXP
153 0 1088 3 4 EXP
153 0 1081 4 4 EXP
153 0 228 5 3 EXP
153 0 1082 6 2 EXP
153 0 1079 7 1 EXP
153 0 551 8 1 EXP
153 0 300 9 1 EXP
153 0 252 10 1 EXP
154 0 1088 1 5 EXP
154 0 1087 2 5 EXP
154 0 832 3 5 EXP
154 0 1054 4 4 EXP
154 0 1262 5 3 EXP
154 0 1085 6 2 EXP
154 0 111 7 2 EXP
154 0 551 8 2 EXP
154 0 833 9 2 EXP
154 0 681 10 2 EXP
155 0 1065 1 2 EXP
155 0 1007 2 2 EXP
155 0 1101 3 2 EXP
155 0 1004 4 2 EXP
155 0 1011 5 2 EXP
155 0 790 6 2 EXP
155 0 1008 7 2 EXP
155 0 1006 8 2 EXP
155 0 1005 9 2 EXP
155 0 76 10 2 EXP
156 0 1096 1 5 EXP
156 0 553 2 5 EXP
156 0 1098 3 5 EXP
156 0 82 4 4 EXP
156 0 1097 5 2 EXP
156 0 1100 6 2 EXP
156 0 818 7 2 EXP
156 0 1099 8 2 EXP
156 0 1065 9 2 EXP
156 0 587 10 2 EXP
157 0 994 1 5 EXP
157 0 456 2 5 EXP
157 0 1377 3 5 EXP
157 0 1151 4 5 EXP
157 0 1214 5 5 EXP
157 0 25 6 5 EXP
157 0 498 7 5 EXP
157 0 332 8 4 EXP
157 0 1234 9 4 EXP
157 0 556 10 4 EXP
158 0 302 1 5 EXP
158 0 552 2 4 EXP
158 0 949 3 2 EXP
158 0 691 4 2 EXP
158 0 1314 5 2 EXP
158 0 1303 6 1 EXP
158 0 193 7 1 EXP
158 0 571 8 1 EXP
158 0 767 9 1 EXP
158 0 405 10 1 EXP
159 0 1066 1 5 EXP
159 0 1197 2 5 EXP
159 0 1112 3 4 EXP
159 0 849 4 3 EXP
159 0 42 5 3 EXP
159 0 708 6 3 EXP
159 0 494 7 3 EXP
159 0 1259 8 3 EXP
159 0 192 9 3 EXP
159 0 432 10 2 EXP
160 0 1071 1 5 EXP
160 0 885 2 5 EXP
160 0 769 3 5 EXP
160 0 763 4 5 EXP
160 0 887 5 5 EXP
160 0 1134 6 5 EXP
160 0 891 7 5 EXP
160 0 741 8 5 EXP
160 0 739 9 5 EXP
160 0 740 10 5 EXP
161 0 1386 1 5 EXP
161 0 54 2 5 EXP
161 0 1185 3 5 EXP
161 0 1192 4 5 EXP
161 0 240 5 5 EXP
161 0 55 6 5 EXP
161 0 461 7 5 EXP
161 0 364 8 5 EXP
161 0 784 9 5 EXP
161 0 50 10 5 EXP
162 0 240 1 5 EXP
162 0 55 2 5 EXP
162 0 62 3 5 EXP
162 0 54 4 5 EXP
162 0 460 5 5 EXP
162 0 784 6 5 EXP
162 0 562 7 5 EXP
162 0 1366 8 5 EXP
162 0 1386 9 4 EXP
162 0 23 10 4 EXP
163 0 492 1 5 EXP
163 0 57 2 5 EXP
163 0 56 3 4 EXP
163 0 441 4 4 EXP
163 0 48 5 4 EXP
163 0 69 6 3 EXP
163 0 37 7 3 EXP
163 0 232 8 3 EXP
163 0 1307 9 3 EXP
163 0 1077 10 3 EXP
164 0 1187 1 4 EXP
164 0 416 2 4 EXP
164 0 358 3 3 EXP
164 0 311 4 3 EXP
164 0 504 5 3 EXP
164 0 240 6 3 EXP
164 0 1216 7 2 EXP
164 0 265 8 2 EXP
164 0 1278 9 2 EXP
164 0 209 10 2 EXP
165 0 504 1 5 EXP
165 0 978 2 4 EXP
165 0 72 3 4 EXP
165 0 1268 4 3 EXP
165 0 209 5 3 EXP
165 0 49 6 3 EXP
165 0 335 7 2 EXP
165 0 265 8 2 EXP
165 0 1311 9 2 EXP
165 0 1203 10 2 EXP
166 0 504 1 5 EXP
166 0 72 2 3 EXP
166 0 209 3 3 EXP
166 0 1364 4 3 EXP
166 0 271 5 3 EXP
166 0 73 6 3 EXP
166 0 256 7 3 EXP
166 0 569 8 3 EXP
166 0 55 9 2 EXP
166 0 16 10 2 EXP
167 0 1279 1 4 EXP
167 0 1098 2 4 EXP
167 0 553 3 4 EXP
167 0 1096 4 4 EXP
167 0 1185 5 3 EXP
167 0 82 6 3 EXP
167 0 1193 7 3 EXP
167 0 1065 8 3 EXP
167 0 552 9 2 EXP
167 0 266 10 2 EXP
168 0 750 1 5 EXP
168 0 118 2 5 EXP
168 0 965 3 4 EXP
168 0 217 4 4 EXP
168 0 301 5 4 EXP
168 0 467 6 4 EXP
168 0 774 7 3 EXP
168 0 127 8 3 EXP
168 0 341 9 3 EXP
168 0 213 10 3 EXP
169 0 750 1 5 EXP
169 0 118 2 5 EXP
169 0 127 3 5 EXP
169 0 341 4 4 EXP
169 0 217 5 4 EXP
169 0 965 6 4 EXP
169 0 276 7 4 EXP
169 0 949 8 4 EXP
169 0 301 9 4 EXP
169 0 213 10 3 EXP
170 0 893 1 5 EXP
170 0 239 2 5 EXP
170 0 238 3 5 EXP
170 0 904 4 5 EXP
170 0 1082 5 5 EXP
170 0 139 6 5 EXP
170 0 905 7 5 EXP
170 0 906 8 4 EXP
170 0 140 9 3 EXP
170 0 175 10 3 EXP
171 0 516 1 5 EXP
171 0 431 2 5 EXP
171 0 1004 3 5 EXP
171 0 1066 4 5 EXP
171 0 1010 5 5 EXP
171 0 1007 6 5 EXP
171 0 1011 7 5 EXP
171 0 1008 8 5 EXP
171 0 252 9 5 EXP
171 0 1006 10 5 EXP
172 0 322 1 5 EXP
172 0 321 2 5 EXP
172 0 320 3 5 EXP
172 0 476 4 5 EXP
172 0 527 5 5 EXP
172 0 981 6 2 EXP
172 0 478 7 2 EXP
172 0 731 8 2 EXP
172 0 425 9 2 EXP
172 0 1311 10 2 EXP
173 0 917 1 3 EXP
173 0 1073 2 3 EXP
173 0 1086 3 2 EXP
173 0 1087 4 2 EXP
173 0 931 5 2 EXP
173 0 532 6 2 EXP
173 0 843 7 2 EXP
173 0 681 8 2 EXP
173 0 851 9 2 EXP
173 0 1388 10 2 EXP
174 0 483 1 4 EXP
174 0 411 2 4 EXP
174 0 533 3 4 EXP
174 0 501 4 3 EXP
174 0 1389 5 3 EXP
174 0 1390 6 3 EXP
174 0 1140 7 2 EXP
174 0 482 8 2 EXP
174 0 1157 9 1 EXP
174 0 1287 10 1 EXP
175 0 1080 1 3 EXP
175 0 1191 2 3 EXP
175 0 668 3 3 EXP
175 0 666 4 3 EXP
175 0 1082 5 3 EXP
175 0 670 6 2 EXP
175 0 667 7 2 EXP
175 0 238 8 2 EXP
175 0 941 9 2 EXP
175 0 1222 10 2 EXP
176 0 542 1 5 EXP
176 0 869 2 4 EXP
176 0 164 3 3 EXP
176 0 1073 4 3 EXP
176 0 586 5 3 EXP
176 0 160 6 3 EXP
176 0 981 7 3 EXP
176 0 963 8 3 EXP
176 0 1248 9 3 EXP
176 0 1375 10 2 EXP
177 0 589 1 5 EXP
177 0 588 2 5 EXP
177 0 590 3 4 EXP
177 0 543 4 4 EXP
177 0 138 5 4 EXP
177 0 592 6 4 EXP
177 0 216 7 3 EXP
177 0 426 8 3 EXP
177 0 237 9 2 EXP
177 0 214 10 2 EXP
178 0 591 1 5 EXP
178 0 138 2 3 EXP
178 0 592 3 3 EXP
178 0 216 4 3 EXP
178 0 589 5 2 EXP
178 0 523 6 2 EXP
178 0 590 7 2 EXP
178 0 426 8 2 EXP
178 0 990 9 2 EXP
178 0 543 10 2 EXP
179 0 224 1 5 EXP
179 0 680 2 5 EXP
179 0 753 3 5 EXP
179 0 278 4 5 EXP
179 0 633 5 5 EXP
179 0 677 6 5 EXP
179 0 930 7 4 EXP
179 0 445 8 4 EXP
179 0 705 9 4 EXP
179 0 468 10 4 EXP
180 0 548 1 5 EXP
180 0 622 2 4 EXP
180 0 616 3 4 EXP
180 0 882 4 1 EXP
180 0 617 5 1 EXP
180 0 719 6 1 EXP
180 0 1103 7 1 EXP
180 0 710 8 1 EXP
180 0 218 9 1 EXP
180 0 1173 10 1 EXP
181 0 1074 1 3 EXP
181 0 993 2 3 EXP
181 0 997 3 2 EXP
181 0 1075 4 2 EXP
181 0 1093 5 2 EXP
181 0 1062 6 2 EXP
181 0 221 7 2 EXP
181 0 176 8 1 EXP
181 0 610 9 1 EXP
181 0 243 10 1 EXP
182 0 634 1 5 EXP
182 0 685 2 5 EXP
182 0 593 3 4 EXP
182 0 686 4 4 EXP
182 0 211 5 4 EXP
182 0 440 6 4 EXP
182 0 1198 7 3 EXP
182 0 521 8 3 EXP
182 0 26 9 3 EXP
182 0 572 10 3 EXP
183 0 804 1 4 EXP
183 0 811 2 3 EXP
183 0 809 3 3 EXP
183 0 758 4 3 EXP
183 0 808 5 2 EXP
183 0 1243 6 2 EXP
183 0 1247 7 1 EXP
183 0 39 8 1 EXP
183 0 1177 9 1 EXP
183 0 439 10 1 EXP
184 0 1379 1 3 EXP
184 0 1217 2 3 EXP
184 0 1219 3 2 EXP
184 0 274 4 2 EXP
184 0 1391 5 2 EXP
184 0 555 6 2 EXP
184 0 207 7 1 EXP
184 0 716 8 1 EXP
184 0 1346 9 1 EXP
184 0 713 10 1 EXP
185 0 856 1 5 EXP
185 0 390 2 4 EXP
185 0 857 3 3 EXP
185 0 864 4 3 EXP
185 0 658 5 3 EXP
185 0 627 6 3 EXP
185 0 15 7 3 EXP
185 0 285 8 3 EXP
185 0 914 9 2 EXP
185 0 391 10 2 EXP
186 0 230 1 3 EXP
186 0 1074 2 3 EXP
186 0 229 3 3 EXP
186 0 1075 4 3 EXP
186 0 1062 5 3 EXP
186 0 923 6 3 EXP
186 0 520 7 3 EXP
186 0 672 8 2 EXP
186 0 610 9 2 EXP
186 0 433 10 2 EXP
187 0 763 1 5 EXP
187 0 841 2 5 EXP
187 0 839 3 5 EXP
187 0 846 4 5 EXP
187 0 847 5 5 EXP
187 0 955 6 5 EXP
187 0 769 7 4 EXP
187 0 764 8 4 EXP
187 0 848 9 4 EXP
187 0 897 10 4 EXP
188 0 725 1 5 EXP
188 0 911 2 5 EXP
188 0 722 3 4 EXP
188 0 720 4 4 EXP
188 0 640 5 4 EXP
188 0 909 6 3 EXP
188 0 497 7 3 EXP
188 0 723 8 2 EXP
188 0 1279 9 2 EXP
188 0 997 10 2 EXP
189 0 767 1 4 EXP
189 0 640 2 3 EXP
189 0 252 3 2 EXP
189 0 865 4 2 EXP
189 0 868 5 2 EXP
189 0 1177 6 2 EXP
189 0 881 7 2 EXP
189 0 883 8 2 EXP
189 0 726 9 2 EXP
189 0 768 10 1 EXP
190 0 627 1 5 EXP
190 0 390 2 4 EXP
190 0 285 3 4 EXP
190 0 15 4 4 EXP
190 0 42 5 4 EXP
190 0 856 6 3 EXP
190 0 864 7 3 EXP
190 0 1066 8 3 EXP
190 0 658 9 3 EXP
190 0 914 10 3 EXP
191 0 627 1 3 EXP
191 0 658 2 3 EXP
191 0 864 3 3 EXP
191 0 15 4 3 EXP
191 0 1392 5 3 EXP
191 0 914 6 3 EXP
191 0 728 7 3 EXP
191 0 285 8 3 EXP
191 0 390 9 2 EXP
191 0 856 10 2 EXP
192 0 734 1 5 EXP
192 0 641 2 4 EXP
192 0 735 3 3 EXP
192 0 647 4 2 EXP
192 0 925 5 1 EXP
192 0 777 6 1 EXP
192 0 1056 7 1 EXP
192 0 1202 8 1 EXP
192 0 1126 9 1 EXP
192 0 1175 10 1 EXP
193 0 730 1 3 EXP
193 0 641 2 3 EXP
193 0 1088 3 3 EXP
193 0 734 4 2 EXP
193 0 400 5 2 EXP
193 0 735 6 2 EXP
193 0 422 7 2 EXP
193 0 425 8 2 EXP
193 0 1392 9 2 EXP
193 0 1396 10 1 EXP
194 0 642 1 5 EXP
194 0 744 2 5 EXP
194 0 932 3 5 EXP
194 0 740 4 5 EXP
194 0 742 5 5 EXP
194 0 1126 6 5 EXP
194 0 1145 7 5 EXP
194 0 1173 8 5 EXP
194 0 888 9 5 EXP
194 0 1122 10 5 EXP
195 0 642 1 5 EXP
195 0 1055 2 5 EXP
195 0 744 3 5 EXP
195 0 1054 4 5 EXP
195 0 932 5 5 EXP
195 0 742 6 5 EXP
195 0 833 7 5 EXP
195 0 130 8 5 EXP
195 0 1294 9 4 EXP
195 0 740 10 4 EXP
196 0 875 1 3 EXP
196 0 746 2 3 EXP
196 0 252 3 3 EXP
196 0 184 4 2 EXP
196 0 540 5 2 EXP
196 0 11 6 2 EXP
196 0 13 7 2 EXP
196 0 811 8 2 EXP
196 0 1213 9 2 EXP
196 0 1177 10 2 EXP
197 0 884 1 5 EXP
197 0 881 2 5 EXP
197 0 768 3 3 EXP
197 0 726 4 2 EXP
197 0 923 5 2 EXP
197 0 723 6 2 EXP
197 0 640 7 2 EXP
197 0 865 8 1 EXP
197 0 883 9 1 EXP
197 0 867 10 1 EXP
198 0 886 1 4 EXP
198 0 897 2 3 EXP
198 0 763 3 3 EXP
198 0 739 4 3 EXP
198 0 890 5 3 EXP
198 0 743 6 3 EXP
198 0 740 7 3 EXP
198 0 1126 8 3 EXP
198 0 769 9 3 EXP
198 0 741 10 3 EXP
199 0 930 1 5 EXP
199 0 744 2 4 EXP
199 0 1294 3 3 EXP
199 0 931 4 3 EXP
199 0 1055 5 3 EXP
199 0 130 6 3 EXP
199 0 1070 7 3 EXP
199 0 1361 8 2 EXP
199 0 1362 9 2 EXP
199 0 830 10 2 EXP
200 0 1071 1 4 EXP
200 0 1134 2 4 EXP
200 0 159 3 3 EXP
200 0 1138 4 3 EXP
200 0 889 5 3 EXP
200 0 843 6 3 EXP
200 0 885 7 3 EXP
200 0 887 8 3 EXP
200 0 990 9 2 EXP
200 0 935 10 2 EXP
201 0 625 1 4 EXP
201 0 1391 2 4 EXP
201 0 1379 3 3 EXP
201 0 1299 4 3 EXP
201 0 1217 5 3 EXP
201 0 1219 6 3 EXP
201 0 983 7 3 EXP
201 0 274 8 3 EXP
201 0 410 9 2 EXP
201 0 1297 10 2 EXP
202 0 1285 1 5 EXP
202 0 1378 2 4 EXP
202 0 1231 3 3 EXP
202 0 605 4 3 EXP
202 0 421 5 3 EXP
202 0 1303 6 3 EXP
202 0 19 7 2 EXP
202 0 1310 8 2 EXP
202 0 1309 9 2 EXP
202 0 626 10 2 EXP
203 0 1378 1 2 EXP
203 0 1308 2 2 EXP
203 0 1261 3 2 EXP
203 0 1133 4 2 EXP
203 0 923 5 2 EXP
203 0 482 6 2 EXP
203 0 1315 7 2 EXP
203 0 370 8 2 EXP
203 0 38 9 2 EXP
203 0 1311 10 1 EXP
204 0 496 1 1 EXP
204 0 1184 2 1 EXP
204 0 370 3 1 EXP
204 0 139 4 1 EXP
204 0 443 5 1 EXP
204 0 763 6 1 EXP
204 0 197 7 1 EXP
204 0 208 8 1 EXP
204 0 455 9 1 EXP
204 0 57 10 1 EXP
205 0 1321 1 5 EXP
205 0 1287 2 4 EXP
205 0 1322 3 4 EXP
205 0 73 4 4 EXP
205 0 1199 5 4 EXP
205 0 133 6 3 EXP
205 0 55 7 3 EXP
205 0 1384 8 3 EXP
205 0 662 9 3 EXP
205 0 1367 10 2 EXP
206 0 1290 1 5 EXP
206 0 879 2 5 EXP
206 0 252 3 4 EXP
206 0 790 4 4 EXP
206 0 205 5 4 EXP
206 0 1338 6 4 EXP
206 0 441 7 4 EXP
206 0 1353 8 4 EXP
206 0 204 9 4 EXP
206 0 1341 10 3 EXP
207 0 749 1 3 EXP
207 0 1188 2 2 EXP
207 0 228 3 2 EXP
207 0 365 4 2 EXP
207 0 859 5 2 EXP
207 0 1341 6 2 EXP
207 0 1337 7 2 EXP
207 0 698 8 2 EXP
207 0 710 9 2 EXP
207 0 1338 10 2 EXP
208 0 1291 1 5 EXP
208 0 1344 2 5 EXP
208 0 1219 3 5 EXP
208 0 1345 4 4 EXP
208 0 1217 5 4 EXP
208 0 1380 6 4 EXP
208 0 275 7 3 EXP
208 0 1204 8 3 EXP
208 0 699 9 3 EXP
208 0 1379 10 3 EXP
209 0 240 1 5 EXP
209 0 1385 2 4 EXP
209 0 1278 3 4 EXP
209 0 457 4 4 EXP
209 0 358 5 4 EXP
209 0 1383 6 4 EXP
209 0 1228 7 4 EXP
209 0 526 8 3 EXP
209 0 461 9 3 EXP
209 0 562 10 3 EXP
210 0 1172 1 5 EXP
210 0 1171 2 5 EXP
210 0 1145 3 5 EXP
210 0 938 4 5 EXP
210 0 831 5 5 EXP
210 0 1132 6 5 EXP
210 0 1125 7 5 EXP
210 0 1071 8 5 EXP
210 0 760 9 5 EXP
210 0 956 10 5 EXP
211 0 739 1 4 EXP
211 0 852 2 4 EXP
211 0 897 3 4 EXP
211 0 1126 4 4 EXP
211 0 763 5 4 EXP
211 0 891 6 3 EXP
211 0 744 7 3 EXP
211 0 890 8 3 EXP
211 0 886 9 3 EXP
211 0 769 10 3 EXP
212 0 888 1 5 EXP
212 0 1178 2 5 EXP
212 0 838 3 5 EXP
212 0 1176 4 5 EXP
212 0 1293 5 4 EXP
212 0 642 6 4 EXP
212 0 823 7 4 EXP
212 0 1146 8 4 EXP
212 0 1177 9 4 EXP
212 0 66 10 4 EXP
213 0 885 1 5 EXP
213 0 769 2 4 EXP
213 0 1173 3 4 EXP
213 0 822 4 4 EXP
213 0 888 5 3 EXP
213 0 887 6 3 EXP
213 0 642 7 3 EXP
213 0 1146 8 3 EXP
213 0 1122 9 3 EXP
213 0 928 10 3 EXP
214 0 1294 1 5 EXP
214 0 1362 2 5 EXP
214 0 744 3 3 EXP
214 0 828 4 3 EXP
214 0 130 5 3 EXP
214 0 833 6 3 EXP
214 0 831 7 3 EXP
214 0 1043 8 3 EXP
214 0 1055 9 3 EXP
214 0 1036 10 3 EXP
215 0 535 1 5 EXP
215 0 1205 2 5 EXP
215 0 707 3 4 EXP
215 0 357 4 4 EXP
215 0 25 5 4 EXP
215 0 1234 6 4 EXP
215 0 1253 7 3 EXP
215 0 456 8 3 EXP
215 0 544 9 3 EXP
215 0 1377 10 3 EXP
216 0 1032 1 2 EXP
216 0 971 2 2 EXP
216 0 330 3 2 EXP
216 0 19 4 2 EXP
216 0 345 5 2 EXP
216 0 693 6 2 EXP
216 0 1364 7 2 EXP
216 0 1077 8 2 EXP
216 0 1064 9 2 EXP
216 0 117 10 2 EXP
217 0 294 1 3 EXP
217 0 559 2 3 EXP
217 0 1281 3 3 EXP
217 0 283 4 3 EXP
217 0 554 5 3 EXP
217 0 1213 6 3 EXP
217 0 666 7 3 EXP
217 0 655 8 3 EXP
217 0 946 9 3 EXP
217 0 101 10 3 EXP
218 0 559 1 3 EXP
218 0 283 2 3 EXP
218 0 101 3 3 EXP
218 0 670 4 3 EXP
218 0 666 5 3 EXP
218 0 294 6 2 EXP
218 0 1281 7 2 EXP
218 0 1393 8 2 EXP
218 0 655 9 2 EXP
218 0 1213 10 2 EXP
219 0 149 1 3 EXP
219 0 361 2 3 EXP
219 0 244 3 2 EXP
219 0 680 4 2 EXP
219 0 53 5 2 EXP
219 0 1367 6 2 EXP
219 0 992 7 2 EXP
219 0 1221 8 2 EXP
219 0 1082 9 2 EXP
219 0 208 10 2 EXP
220 0 292 1 4 EXP
220 0 458 2 4 EXP
220 0 111 3 4 EXP
220 0 382 4 4 EXP
220 0 4 5 3 EXP
220 0 1365 6 3 EXP
220 0 738 7 3 EXP
220 0 784 8 3 EXP
220 0 307 9 3 EXP
220 0 1240 10 3 EXP
221 0 1366 1 4 EXP
221 0 435 2 4 EXP
221 0 1386 3 3 EXP
221 0 292 4 3 EXP
221 0 54 5 3 EXP
221 0 62 6 3 EXP
221 0 352 7 2 EXP
221 0 266 8 2 EXP
221 0 388 9 2 EXP
221 0 787 10 2 EXP
222 0 1399 1 5 EXP
222 0 1400 2 4 EXP
222 0 1396 3 4 EXP
222 0 419 4 4 EXP
222 0 1358 5 3 EXP
222 0 1357 6 3 EXP
222 0 400 7 3 EXP
222 0 1397 8 3 EXP
222 0 1398 9 3 EXP
222 0 1070 10 2 EXP
223 0 400 1 5 EXP
223 0 1398 2 5 EXP
223 0 1399 3 5 EXP
223 0 1400 4 4 EXP
223 0 1396 5 4 EXP
223 0 419 6 4 EXP
223 0 863 7 4 EXP
223 0 388 8 3 EXP
223 0 393 9 3 EXP
223 0 180 10 3 EXP
224 0 1312 1 5 EXP
224 0 1286 2 5 EXP
224 0 317 3 4 EXP
224 0 236 4 4 EXP
224 0 401 5 4 EXP
224 0 541 6 4 EXP
224 0 1296 7 3 EXP
224 0 1299 8 3 EXP
224 0 656 9 3 EXP
224 0 1298 10 3 EXP
225 0 1188 1 5 EXP
225 0 1344 2 4 EXP
225 0 1218 3 4 EXP
225 0 1380 4 4 EXP
225 0 1124 5 4 EXP
225 0 816 6 4 EXP
225 0 1000 7 3 EXP
225 0 1291 8 3 EXP
225 0 674 9 3 EXP
225 0 1345 10 3 EXP